0
0
0
0
0
0
0
0
0
0
0
0
0
0
0
0
0
0
0
0
0
0
0
0
0
4
2
2
2
2
2
2
2
2
2
2
2
2
2
2
0
0
0
0
0
3
0
0
0
0
0
0
0
0
0
0
0
0
0
0
0
0
0
0
0
3
0
0
0
0
0
0
0
0
0
0
0
0
0
0
0
0
0
0
0
3
0
0
0
0
0
0
0
0
0
0
0
0
0
0
0
0
0
0
0
3
0
0
0
0
0
0
0
0
0
0
0
0
0
0
0
0
0
0
0
3
0
9
12
12
12
12
10
0
0
0
0
0
0
0
0
0
0
0
0
3
0
8
14
14
14
14
11
0
0
0
0
0
0
0
0
0
0
0
0
3
0
0
0
0
0
0
0
0
0
0
0
0
0
0
0
0
4
2
2
6
0
0
0
0
0
0
0
0
0
0
0
0
0
0
0
0
3
0
0
0
9
12
12
12
12
12
10
0
0
0
0
0
0
0
0
0
3
0
9
12
1
1
1
1
1
1
13
0
0
0
0
0
0
0
0
0
3
0
8
14
14
14
1
1
1
1
1
12
10
0
0
4
2
2
0
0
3
0
0
0
0
0
15
1
4
5
1
1
13
0
0
3
0
0
0
0
3
0
0
0
0
9
1
1
7
6
1
1
13
0
0
3
0
0
0
0
3
0
0
0
0
8
1
1
14
14
1
1
13
0
0
3
0
0
0
0
3
0
0
0
0
0
8
11
0
0
8
14
11
0
0
3
0
0
0
0
3
0
0
0
0
0
0
0
0
0
0
0
0
0
0
3
0
0
0
0
7
2
2
2
2
2
2
2
2
2
2
2
2
2
2
6
0
0
0
0
0
0
0
0
0
0
0
0
0
0
0
0
0
0
0
0
0
0
